1492755737324,-0.024414,0.144775,0.992432
1492755737326,-0.034180,0.086670,0.997559
1492755737328,-0.014404,0.107178,0.989014
1492755737330,-0.021973,0.133545,1.002441
1492755737350,-0.034180,0.127197,1.005127
1492755737354,-0.024414,0.144043,0.991211
1492755737384,-0.020508,0.131592,0.998535
1492755737416,-0.024902,0.126465,0.998779
1492755737449,-0.023682,0.127686,0.992676
1492755737498,-0.020264,0.114502,0.994141
1492755737503,-0.024414,0.124756,1.000244
1492755737531,-0.025879,0.132568,1.001953
1492755737564,-0.021729,0.122803,0.995605
1492755737621,-0.021729,0.117432,0.997070
1492755737654,-0.029053,0.138672,0.999512
1492755737668,-0.024414,0.113525,0.999512
1492755737700,-0.024414,0.118408,0.999512
1492755737734,-0.022949,0.131104,0.996094
1492755737765,-0.018066,0.110107,1.001465
1492755737798,-0.027832,0.119385,0.996094
1492755737830,-0.023682,0.124756,0.994141
1492755737888,-0.022461,0.120605,0.995361
1492755737891,-0.023193,0.123047,1.000000
1492755737921,-0.021973,0.124512,1.000488
1492755737979,-0.023193,0.123291,0.995850
1492755737984,-0.018066,0.121338,0.997559
1492755738013,-0.019775,0.118408,0.991943
1492755738072,-0.023438,0.122559,0.996582
1492755738087,-0.023926,0.124756,1.001221
1492755738121,-0.027588,0.128662,1.000977
1492755738154,-0.018799,0.117676,0.992432
1492755738186,-0.018311,0.107910,0.998291
1492755738219,-0.021973,0.129395,0.994629
1492755738251,-0.021240,0.122314,0.995117
1492755738284,-0.020752,0.126221,0.993896
1492755738316,-0.024170,0.124023,1.000488
1492755738349,-0.022949,0.126465,0.992920
1492755738381,-0.017090,0.115479,0.995117
1492755738415,-0.021240,0.126221,0.998291
1492755738447,-0.027832,0.115967,0.992676
1492755738481,-0.009277,0.145020,0.988037
1492755738496,-0.020264,0.135010,1.004395
1492755738553,-0.028320,0.119141,0.992676
1492755738559,-0.012207,0.087646,0.989258
1492755738617,-0.019287,0.127197,0.999512
1492755738649,-0.031738,0.131104,1.000977
1492755738682,-0.022461,0.098145,0.993652
1492755738715,-0.018311,0.119385,0.997070
1492755738746,-0.025879,0.128662,0.993896
1492755738780,-0.018555,0.108887,0.993408
1492755738812,-0.017334,0.123535,0.998779
1492755738844,-0.026611,0.136963,0.996826
1492755738876,-0.020264,0.115234,0.991943
1492755738909,-0.019531,0.114258,0.997803
1492755738942,-0.025391,0.123291,0.996582
1492755738975,-0.021484,0.119385,0.997070
1492755739008,-0.020264,0.116943,0.994385
1492755739040,-0.020264,0.128662,0.994873
1492755739073,-0.022949,0.124512,0.995361
1492755739079,-0.023926,0.151611,0.991943
1492755739135,-0.021240,0.111572,0.997070
1492755739167,-0.029541,0.077881,0.998535
1492755739174,-0.025879,0.054688,1.002197
1492755739232,-0.037598,0.076904,1.005127
1492755739264,-0.006348,0.172607,1.014893
1492755739298,-0.019531,0.152832,1.001465
1492755739337,-0.067383,0.199463,1.035156
1492755739341,0.068848,0.150391,0.981689
1492755739396,0.011963,0.583008,0.963623
1492755739429,0.003662,0.335938,0.927734
1492755739461,0.023193,0.371582,0.865967
1492755739495,-0.088379,0.426758,0.784424
1492755739527,-0.128662,0.608887,0.624756
1492755739560,-0.106201,0.830078,0.471436
1492755739593,-0.162109,0.956787,0.339844
1492755739625,-0.208496,1.045166,0.160156
1492755739660,-0.215332,0.996338,0.023438
1492755739662,-0.220215,0.966797,-0.073975
1492755739719,-0.187744,0.980713,-0.207031
1492755739751,-0.196045,1.026611,-0.279297
1492755739754,-0.222412,0.949219,-0.321533
1492755739810,-0.250000,0.912598,-0.370361
1492755739843,-0.249268,0.894043,-0.412109
1492755739875,-0.235352,0.888672,-0.437500
1492755739907,-0.250488,0.870117,-0.439941
1492755739940,-0.235352,0.863037,-0.479980
1492755739973,-0.268799,0.883545,-0.475342
1492755740005,-0.281250,0.871338,-0.459229
1492755740058,-0.255371,0.857666,-0.450928
1492755740060,-0.255615,0.860352,-0.452881
1492755740093,-0.260254,0.862061,-0.439453
1492755740125,-0.250488,0.860352,-0.431396
1492755740158,-0.264160,0.863281,-0.428467
1492755740190,-0.268555,0.868896,-0.430420
1492755740222,-0.280273,0.866699,-0.433105
1492755740255,-0.270508,0.864990,-0.426758
1492755740313,-0.277100,0.877197,-0.423584
1492755740317,-0.261230,0.874756,-0.418945
1492755740351,-0.246826,0.881348,-0.419922
1492755740409,-0.218506,0.876953,-0.402588
1492755740411,-0.224121,0.878174,-0.383301
1492755740443,-0.221680,0.883057,-0.389648
1492755740475,-0.247803,0.897705,-0.397217
1492755740507,-0.251953,0.897217,-0.385254
1492755740549,-0.235107,0.901611,-0.411377
1492755740582,-0.228516,0.911133,-0.398438
1492755740614,-0.255615,0.937256,-0.356201
1492755740646,-0.200439,0.971680,-0.371582
1492755740681,-0.274170,0.991943,-0.349854
1492755740713,-0.242676,1.071289,-0.269043
1492755740745,-0.206299,0.944336,-0.251709
1492755740778,-0.179443,0.993896,-0.265869
1492755740810,-0.149414,1.046387,-0.128418
1492755740843,-0.177246,0.907227,-0.000732
1492755740875,-0.136963,1.017334,0.087891
1492755740907,-0.153076,0.952393,0.210205
1492755740922,-0.139893,0.813721,0.310059
1492755740979,-0.170898,1.008545,0.313965
1492755740984,-0.141602,0.964355,0.441162
1492755741019,-0.159668,0.708252,0.537598
1492755741077,-0.163574,0.885498,0.557861
1492755741109,-0.074219,0.829346,0.611816
1492755741115,-0.112549,0.617188,0.714844
1492755741173,-0.136963,0.756104,0.712402
1492755741205,0.005615,0.639160,0.761963
1492755741237,-0.093018,0.366943,0.849854
1492755741270,-0.089600,0.372803,0.868164
1492755741303,0.006104,0.377930,0.905273
1492755741338,0.009033,0.158447,0.940430
1492755741370,-0.097168,0.177490,0.964111
1492755741403,0.112793,0.130127,0.976318
1492755741435,-0.013672,-0.124268,1.025879
1492755741468,-0.002930,0.027100,1.008789
1492755741501,0.049316,0.026123,0.988281
1492755741533,-0.045654,-0.124756,1.019043
1492755741565,0.005615,-0.041748,0.995117
1492755741598,0.000488,-0.006592,0.974854
1492755741603,0.006836,-0.050293,0.991699
1492755741657,-0.014160,-0.109375,0.992432
1492755741690,-0.003662,-0.065186,0.976807
1492755741696,0.003662,-0.069092,0.986572
1492755741762,0.030518,-0.076660,1.087646
1492755741765,-0.046387,0.015381,1.033936
1492755741821,0.000244,-0.016602,1.020752
1492755741854,0.000732,-0.044678,1.009521
1492755741885,-0.029297,0.015869,0.983643
1492755741918,-0.007812,0.006592,0.994385
1492755741950,-0.023438,-0.034180,0.989502
1492755741983,-0.022949,-0.001709,1.012451
1492755742019,-0.010010,0.002197,1.016113
1492755742052,-0.019043,-0.022461,0.989258
1492755742084,-0.006348,-0.008301,0.999512
1492755742088,-0.006104,-0.024658,1.003906
1492755742143,-0.003174,-0.003174,1.008545
1492755742176,-0.012451,-0.009277,1.003662
1492755742181,-0.015869,-0.015625,1.004395
1492755742237,-0.000732,-0.001953,1.000488
1492755742273,-0.013916,-0.012695,0.996826
1492755742302,0.005859,-0.016846,1.004395
1492755742335,-0.030029,0.011475,0.995361
1492755742368,0.002686,-0.029297,1.015625
1492755742401,0.002930,-0.013184,1.010010
1492755742433,0.006104,0.019287,0.994141
1492755742466,0.020508,0.012451,1.004150
1492755742498,0.004150,0.009521,1.009521
1492755742512,-0.005859,-0.041016,1.002197
1492755742544,-0.009033,0.013916,1.002197
1492755742618,0.019531,0.051025,1.009521
1492755742627,-0.009277,0.012207,1.006836
1492755742652,-0.022461,0.002686,1.009766
1492755742684,-0.023438,0.004150,1.009766
1492755742716,-0.019531,0.006104,0.983154
1492755742749,-0.011475,0.004883,1.005371
1492755742782,0.000488,0.017334,1.008545
1492755742814,-0.004395,-0.014160,1.005371
1492755742848,-0.001709,0.027588,1.015381
1492755742879,0.009766,0.031738,1.036865
1492755742918,-0.004150,0.021973,1.011719
1492755742925,-0.002686,0.030273,1.029785
1492755742963,-0.012207,0.070557,1.024902
1492755742995,-0.042480,0.161377,1.004150
1492755743028,-0.024414,0.250000,0.997314
1492755743086,-0.013428,0.183838,1.010254
1492755743091,-0.026611,0.101807,1.004150
1492755743137,-0.032959,0.167480,0.964600
1492755743170,-0.047607,0.303955,0.934082
1492755743202,-0.057129,0.391113,0.907715
1492755743234,-0.072998,0.424561,0.865723
1492755743267,-0.091064,0.450439,0.841309
1492755743300,-0.101807,0.535156,0.776123
1492755743334,-0.136475,0.608887,0.705566
1492755743340,-0.158203,0.706055,0.641602
1492755743398,-0.168213,0.807861,0.512207
1492755743431,-0.186768,0.903809,0.425781
1492755743443,-0.195068,0.952881,0.362061
1492755743501,-0.210449,0.962402,0.249756
1492755743506,-0.217529,0.974121,0.163818
1492755743541,-0.227783,0.980713,0.101562
1492755743598,-0.228271,0.970947,0.010254
1492755743631,-0.243896,0.971436,-0.054443
1492755743663,-0.232178,0.988525,-0.104004
1492755743695,-0.240967,1.008789,-0.149414
1492755743728,-0.242920,0.963379,-0.165527
1492755743742,-0.225342,0.950195,-0.146240
1492755743774,-0.227783,0.917236,-0.189453
1492755743807,-0.231689,0.913818,-0.199951
1492755743865,-0.233154,0.937256,-0.212891
1492755743898,-0.237061,0.942871,-0.262451
1492755743904,-0.235107,0.940674,-0.277588
1492755743941,-0.219727,0.964844,-0.283203
1492755743973,-0.215820,0.928955,-0.311523
1492755744031,-0.206543,0.931641,-0.327148
1492755744038,-0.210205,0.940918,-0.338867
1492755744090,-0.210938,0.944092,-0.355225
1492755744123,-0.214355,0.944580,-0.373535
1492755744133,-0.206299,0.936035,-0.369385
1492755744190,-0.208496,0.908691,-0.372314
1492755744193,-0.208740,0.906738,-0.379395
1492755744224,-0.209229,0.917725,-0.379395
1492755744282,-0.205078,0.908447,-0.377930
1492755744285,-0.205811,0.905762,-0.377197
1492755744343,-0.212402,0.892090,-0.387207
1492755744376,-0.208496,0.905029,-0.381104
1492755744408,-0.208008,0.893799,-0.382568
1492755744441,-0.206299,0.900635,-0.387451
1492755744474,-0.212891,0.902832,-0.374023
1492755744507,-0.210205,0.907227,-0.369385
1492755744538,-0.210205,0.913086,-0.373291
1492755744552,-0.196777,0.905518,-0.367432
1492755744610,-0.215820,0.913574,-0.365723
1492755744614,-0.197266,0.916748,-0.368652
1492755744668,-0.207520,0.916992,-0.357910
1492755744673,-0.204590,0.936523,-0.357910
1492755744706,-0.204102,0.929443,-0.347412
1492755744765,-0.208496,0.924316,-0.330322
1492755744769,-0.202637,0.931641,-0.309814
1492755744827,-0.202881,0.936523,-0.309082
1492755744861,-0.197510,0.958984,-0.291992
1492755744892,-0.200439,0.949707,-0.285156
1492755744903,-0.198975,0.932129,-0.275879
1492755744958,-0.199951,0.942627,-0.257812
1492755744972,-0.186768,0.960449,-0.267334
1492755745004,-0.194580,1.012207,-0.261719
1492755745037,-0.197754,0.985596,-0.200928
1492755745094,-0.182861,0.922852,-0.150635
1492755745099,-0.192139,0.978760,-0.109131
1492755745178,-0.193604,1.010986,-0.052979
1492755745180,-0.187012,0.937256,0.000244
1492755745184,-0.180420,0.924561,0.035400
1492755745248,-0.188232,1.095703,0.044678
1492755745253,-0.183350,1.039551,0.100342
1492755745285,-0.170654,0.866699,0.194580
1492755745344,-0.167236,0.974854,0.254883
1492755745352,-0.155273,1.033447,0.274658
1492755745407,-0.150391,0.881348,0.339844
1492755745439,-0.143066,0.831299,0.424805
1492755745472,-0.141113,0.978516,0.426270
1492755745505,-0.123291,0.901611,0.477295
1492755745537,-0.130615,0.726562,0.538330
1492755745569,-0.133545,0.900879,0.561035
1492755745603,-0.080566,0.811768,0.621094
1492755745634,-0.125977,0.609131,0.691650
1492755745676,-0.132080,0.813965,0.687256
1492755745679,-0.016113,0.746094,0.732178
1492755745735,-0.129395,0.462646,0.804688
1492755745768,-0.089600,0.568359,0.838867
1492755745771,0.006592,0.563721,0.850098
1492755745826,-0.098633,0.342773,0.906738
1492755745834,-0.045166,0.336670,0.929688
1492755745871,0.006348,0.455811,0.912842
1492755745928,-0.031494,0.192139,0.975342
1492755745931,-0.035889,0.151611,0.979492
1492755745987,-0.025879,0.305908,0.966064
1492755746019,0.015625,0.161865,0.987305
1492755746052,-0.051270,0.086670,1.002930
1492755746084,0.022949,0.205566,0.992188
1492755746117,0.027832,0.080566,1.005615
1492755746152,-0.017578,0.005371,1.015137
1492755746185,-0.001953,0.069580,1.007568
1492755746198,0.020264,0.083740,1.004395
1492755746256,0.003906,0.012207,1.011230
1492755746290,-0.008057,0.056152,0.997803
1492755746294,0.016357,0.073486,1.005127
1492755746353,0.015381,0.031494,1.007568
1492755746385,0.008789,0.035400,1.001221
1492755746417,0.025879,0.095459,0.994141
1492755746458,0.006836,0.048096,1.008301
1492755746463,0.007568,0.025879,1.001953
1492755746518,0.003906,0.106934,1.000244
1492755746550,0.008545,0.124023,0.993896
1492755746553,0.016846,0.056396,1.012695
1492755746583,-0.003662,0.054688,1.001465
1492755746625,0.010254,0.088379,1.004150
1492755746657,0.011230,0.081787,0.999268
1492755746689,0.003906,0.066162,1.005127
1492755746722,0.008545,0.078857,1.000244
1492755746754,0.014404,0.107178,0.999023
1492755746786,-0.010498,0.081543,1.009033
1492755746820,0.010498,0.100342,1.000244
1492755746857,-0.006836,0.085693,1.001221
1492755746889,0.006104,0.102051,1.006836
1492755746922,-0.005371,0.129395,0.997559
1492755746955,-0.004883,0.140625,0.993896
1492755746987,-0.003662,0.103271,0.998535
1492755747022,-0.012207,0.117188,0.992432
1492755747052,0.000244,0.122070,0.991943
1492755747084,-0.004395,0.098145,0.992920
1492755747117,-0.009033,0.130127,0.985840
1492755747149,0.000244,0.133057,0.994141
1492755747182,-0.016357,0.094238,1.003174
1492755747215,-0.011475,0.119385,0.995117
1492755747248,-0.002686,0.151611,0.997803
1492755747280,-0.008789,0.101074,1.011963
1492755747312,-0.013428,0.102783,1.012695
1492755747344,-0.011230,0.116943,1.000000
1492755747377,-0.012939,0.139160,0.992920
1492755747410,-0.020996,0.160156,0.985352
1492755747451,-0.026611,0.225342,0.968750
1492755747483,-0.031494,0.308838,0.945068
1492755747489,-0.033936,0.322998,0.934814
1492755747547,-0.042480,0.355713,0.920166
1492755747581,-0.050049,0.399902,0.880615
1492755747612,-0.069336,0.474365,0.852783
1492755747615,-0.081543,0.555908,0.824219
1492755747673,-0.088379,0.618896,0.762207
1492755747706,-0.100098,0.688232,0.710205
1492755747708,-0.110107,0.769287,0.663818
1492755747765,-0.116455,0.829834,0.577881
1492755747798,-0.138916,0.861816,0.514893
1492755747819,-0.140137,0.899658,0.471191
1492755747849,-0.150635,0.903809,0.389404
1492755747890,-0.159180,0.911377,0.329102
1492755747923,-0.164062,0.939209,0.273926
1492755747956,-0.178223,0.972900,0.198730
1492755747988,-0.183105,0.969238,0.140625
1492755748023,-0.192871,0.950439,0.082275
1492755748062,-0.203613,0.995361,0.020996
1492755748095,-0.206299,0.995117,-0.038574
1492755748127,-0.211182,0.979980,-0.083008
1492755748159,-0.215332,0.957764,-0.134766
1492755748192,-0.212402,0.973389,-0.171631
1492755748195,-0.214355,0.972900,-0.210449
1492755748251,-0.218262,0.969727,-0.244385
1492755748258,-0.220947,0.968750,-0.258545
1492755748286,-0.214111,0.966064,-0.265869
1492755748344,-0.219482,0.938721,-0.280518
1492755748377,-0.206787,0.931641,-0.280273
1492755748409,-0.217285,0.933838,-0.272217
1492755748442,-0.200684,0.919434,-0.281006
1492755748474,-0.211426,0.919189,-0.290283
1492755748507,-0.208008,0.936523,-0.298340
1492755748546,-0.214355,0.937012,-0.314453
1492755748572,-0.210449,0.933594,-0.316895
1492755748604,-0.202637,0.942383,-0.324463
1492755748647,-0.205811,0.940186,-0.324219
1492755748680,-0.200684,0.927979,-0.312012
1492755748686,-0.203125,0.934570,-0.306641
1492755748743,-0.200684,0.949219,-0.309814
1492755748776,-0.201416,0.927979,-0.304688
1492755748779,-0.199707,0.928711,-0.310791
1492755748837,-0.205078,0.919678,-0.304688
1492755748840,-0.194580,0.930420,-0.300293
1492755748896,-0.200439,0.931396,-0.295166
1492755748928,-0.186523,0.938721,-0.299805
1492755748936,-0.186279,0.941406,-0.305176
1492755748992,-0.191895,0.952393,-0.300537
1492755749018,-0.189941,0.951416,-0.304688
1492755749059,-0.194092,0.943848,-0.293213
1492755749067,-0.193115,0.961182,-0.289795
1492755749123,-0.187012,0.941162,-0.290771
1492755749156,-0.185791,0.955078,-0.273682
1492755749188,-0.189453,0.939941,-0.267090
1492755749221,-0.189697,0.947510,-0.268799
1492755749255,-0.187256,0.956543,-0.267334
1492755749286,-0.195312,0.964355,-0.264893
1492755749318,-0.185303,0.936768,-0.252686
1492755749351,-0.189697,0.943848,-0.242188
1492755749384,-0.193848,0.976318,-0.237793
1492755749415,-0.185547,0.984619,-0.223877
1492755749448,-0.187744,0.971924,-0.199707
1492755749454,-0.185059,0.972656,-0.180908
1492755749511,-0.175537,1.009766,-0.128174
1492755749543,-0.183838,0.991211,-0.082275
1492755749551,-0.170410,0.994629,-0.034668
1492755749607,-0.176270,1.055908,0.077637
1492755749640,-0.165283,0.966797,0.151367
1492755749672,-0.173340,1.000000,0.209717
1492755749704,-0.163818,1.000244,0.347412
1492755749737,-0.139404,0.802734,0.452393
1492755749774,-0.150146,0.787598,0.533691
1492755749806,-0.117188,0.847412,0.639893
1492755749838,-0.071777,0.610352,0.711182
1492755749852,-0.140869,0.488037,0.786865
1492755749885,-0.104492,0.606689,0.814941
1492755749917,0.016846,0.380859,0.872314
1492755749950,-0.127197,0.155762,0.955566
1492755750007,0.030762,0.245850,0.917236
1492755750040,0.046143,0.006592,0.955078
1492755750046,-0.045166,-0.176270,1.013916
1492755750098,0.059082,0.018311,0.997314
1492755750131,0.050049,0.013916,0.986572
1492755750134,0.000977,-0.134766,1.022705
1492755750190,0.000732,-0.149414,1.010742
1492755750223,0.003662,-0.015381,0.988525
1492755750255,0.061279,0.044189,1.003662
1492755750297,0.011230,-0.171631,1.008301
1492755750300,-0.002686,-0.158203,0.998047
1492755750331,0.005859,-0.041504,1.004883
1492755750388,0.023682,-0.007080,1.002197
1492755750422,0.006592,-0.100830,1.008301
1492755750454,0.007812,-0.064209,1.008789
1492755750462,0.035645,-0.001953,1.005859
1492755750517,0.014893,-0.042480,1.013184
1492755750549,0.015625,-0.023926,0.999023
1492755750582,0.007324,0.026367,0.979736
1492755750614,0.014160,0.006836,0.983887
1492755750617,0.004639,-0.055664,1.009033
1492755750681,0.001953,-0.020020,0.996582
1492755750712,0.023193,0.013184,0.984375
1492755750715,0.019043,-0.022461,1.000732
1492755750773,-0.002930,0.013428,0.988037
1492755750781,0.005371,0.070068,0.990234
1492755750837,0.016602,0.016113,1.020264
1492755750870,0.000488,-0.011475,1.024170
1492755750877,0.015137,0.044434,1.018311
1492755750934,0.010986,0.033203,1.021729
1492755750967,0.006836,0.036621,1.025146
1492755750998,0.015869,0.054688,1.012207
1492755751031,0.002441,0.025635,1.006836
1492755751047,0.000732,0.033203,0.998291
1492755751076,0.015137,0.062256,0.989746
1492755751133,0.000000,0.024414,0.989502
1492755751166,0.007812,0.033447,0.982666
1492755751198,0.029053,0.061768,0.988525
1492755751201,0.023193,0.005615,1.003906
1492755751257,0.012939,0.013672,1.012451
1492755751290,0.014404,0.020264,1.010742
1492755751293,0.012207,0.044922,1.009033
1492755751348,0.001953,0.044189,1.017334
1492755751382,-0.000244,0.063721,1.015137
1492755751414,-0.011230,0.118652,1.002686
1492755751446,-0.013184,0.229004,0.987549
1492755751461,-0.015869,0.234863,0.989746
1492755751492,-0.020752,0.231445,0.983154
1492755751550,-0.042480,0.288574,0.969971
1492755751577,-0.024170,0.311279,0.958740
1492755751610,-0.045654,0.336914,0.934814
1492755751643,-0.046875,0.381592,0.923584
1492755751676,-0.043945,0.380127,0.899902
1492755751712,-0.087646,0.399902,0.859619
1492755751744,-0.092041,0.570801,0.796143
1492755751777,-0.087646,0.661133,0.744141
1492755751811,-0.121338,0.716797,0.689209
1492755751842,-0.120117,0.782959,0.634033
1492755751856,-0.139160,0.798828,0.585938
1492755751913,-0.158203,0.813721,0.537109
1492755751946,-0.151123,0.855957,0.494141
1492755751979,-0.164551,0.864014,0.451172
1492755751985,-0.162842,0.858154,0.417725
1492755752037,-0.176758,0.877441,0.370850
1492755752043,-0.190186,0.921875,0.317383
1492755752076,-0.177979,0.944580,0.259277
1492755752134,-0.203857,0.972412,0.194092
1492755752142,-0.191406,0.990723,0.144775
1492755752197,-0.188965,0.989990,0.088623
1492755752231,-0.209717,0.991211,0.037842
1492755752262,-0.183105,1.000488,0.000977
1492755752276,-0.209473,0.985596,-0.049316
1492755752308,-0.187500,0.990723,-0.084473
1492755752341,-0.190918,0.994873,-0.114258
1492755752373,-0.205566,0.982910,-0.151123
1492755752432,-0.188232,0.979492,-0.186523
1492755752466,-0.189697,0.971436,-0.200439
1492755752474,-0.170166,0.974609,-0.229492
1492755752528,-0.180908,1.001465,-0.255127
1492755752561,-0.191895,0.988037,-0.241455
1492755752566,-0.171143,0.956055,-0.235352
1492755752620,-0.193848,0.966309,-0.199219
1492755752624,-0.186523,0.966064,-0.192139
1492755752662,-0.189697,0.962158,-0.205078
1492755752727,-0.198730,0.974854,-0.204102
1492755752730,-0.180908,0.966309,-0.217773
1492755752761,-0.176758,0.970215,-0.218506
1492755752794,-0.176025,0.978760,-0.218018
1492755752826,-0.187256,0.968018,-0.211426
1492755752858,-0.177002,0.957764,-0.208496
1492755752891,-0.179199,0.956543,-0.205811
1492755752923,-0.190918,0.968994,-0.193115
1492755752956,-0.174072,0.975586,-0.194580
1492755752988,-0.176270,0.968994,-0.205811
1492755753046,-0.171875,0.972412,-0.198975
1492755753049,-0.178223,0.963867,-0.195312
1492755753087,-0.165039,0.964355,-0.193604
1492755753144,-0.170654,0.968506,-0.187500
1492755753147,-0.161621,0.969727,-0.189209
1492755753202,-0.184814,0.963867,-0.181152
1492755753205,-0.160156,0.958984,-0.177490
1492755753261,-0.174072,0.957764,-0.181396
1492755753295,-0.172363,0.964844,-0.187744
1492755753302,-0.171143,0.981201,-0.189697
1492755753358,-0.170898,0.974854,-0.186523
1492755753391,-0.176758,0.970947,-0.171387
1492755753423,-0.168213,1.017090,-0.182617
1492755753456,-0.180908,1.019287,-0.157959
1492755753488,-0.164307,1.008057,-0.110840
1492755753502,-0.171143,0.979980,-0.090820
1492755753534,-0.162109,1.082520,-0.078613
1492755753592,-0.164551,1.012939,0.018799
1492755753625,-0.156006,0.882812,0.112061
1492755753629,-0.161377,0.968750,0.146729
1492755753686,-0.174561,1.024170,0.193604
1492755753718,-0.146484,0.958252,0.261475
1492755753723,-0.136475,0.932373,0.301270
1492755753777,-0.142822,0.964600,0.375244
1492755753810,-0.128662,0.942871,0.427979
1492755753842,-0.124512,0.852051,0.489014
1492755753875,-0.119629,0.826172,0.578125
1492755753882,-0.116943,0.720459,0.627441
1492755753921,-0.099121,0.696777,0.674072
1492755753952,-0.101562,0.594727,0.753418
1492755753985,-0.080078,0.537842,0.793945
1492755754042,-0.069092,0.458008,0.820312
1492755754047,-0.074707,0.422363,0.871826
1492755754105,-0.071045,0.507568,0.867188
1492755754138,0.012695,0.470703,0.894531
1492755754170,-0.058350,0.201416,0.942383
1492755754203,-0.070801,0.320068,0.925049
1492755754235,0.043457,0.331543,0.954102
1492755754267,-0.020996,0.076904,0.986084
1492755754300,-0.036133,0.111572,0.990234
1492755754332,0.074707,0.189453,0.994629
1492755754348,0.015137,-0.007080,1.028809
1492755754373,-0.017578,0.041016,1.011230
1492755754406,0.049561,0.135986,1.004150
1492755754438,0.017090,-0.013672,1.014160
1492755754496,0.008057,-0.067383,0.984619
1492755754499,0.008545,-0.036621,0.996094
1492755754555,-0.008057,0.133789,1.001221
1492755754587,0.051270,0.281738,0.985352
1492755754623,0.040771,0.166992,1.004883
1492755754655,-0.008057,0.022949,1.015869
1492755754662,0.017090,0.151611,0.999268
1492755754718,0.035889,0.145508,1.005371
1492755754751,0.005615,0.067383,1.014160
1492755754765,0.036377,0.108154,0.997314
1492755754822,0.054932,0.135254,0.994873
1492755754855,0.017090,0.053223,1.003418
1492755754862,0.032227,0.093506,0.992920
1492755754918,0.039551,0.130615,0.987793
1492755754951,0.021240,0.077881,1.000488
1492755754984,0.010742,0.076660,0.993652
1492755754987,0.014648,0.117432,0.988281
1492755755042,0.030518,0.091553,0.997803
1492755755075,0.021973,-0.004150,1.004639
1492755755078,0.021973,0.054443,1.000244
1492755755134,0.046143,0.110596,1.011963
1492755755166,0.024170,0.042236,1.008545
1492755755180,0.025146,0.040283,0.999023
1492755755237,0.037598,0.071777,0.994629
1492755755242,0.040039,0.033936,1.001221
1492755755300,0.055420,0.062500,0.964844
1492755755332,-0.020508,0.289795,0.901367
1492755755365,-0.005127,0.365723,0.873291
1492755755417,-0.030273,0.464355,0.772705
1492755755420,-0.035156,0.874268,0.600342
1492755755456,-0.063721,0.990479,0.553711
1492755755488,-0.072998,0.946289,0.465332
1492755755521,-0.109131,0.928223,0.381836
1492755755554,-0.109619,0.921143,0.336914
1492755755572,-0.115234,0.875977,0.267578
1492755755630,-0.148682,0.997803,0.121826
1492755755633,-0.123535,1.062988,0.034424
1492755755664,-0.161377,1.007812,-0.023438
1492755755721,-0.159912,0.989258,-0.062500
1492755755724,-0.168213,0.924316,-0.102051
1492755755782,-0.183594,0.920898,-0.167236
1492755755815,-0.171387,0.981934,-0.254639
1492755755847,-0.198975,0.985596,-0.288086
1492755755880,-0.174805,0.989502,-0.305420
1492755755912,-0.188721,0.946777,-0.303223
1492755755945,-0.177246,0.957275,-0.300049
1492755755977,-0.177734,0.959229,-0.303711
1492755755995,-0.174072,0.954102,-0.304932
1492755756052,-0.168701,0.956543,-0.310791
1492755756058,-0.174316,0.958252,-0.300293
1492755756115,-0.158447,0.941406,-0.302490
1492755756147,-0.164551,0.945312,-0.295410
1492755756150,-0.165283,0.941895,-0.296143
1492755756206,-0.159424,0.941406,-0.295898
1492755756210,-0.161621,0.939941,-0.296875
1492755756244,-0.158203,0.946045,-0.294678
1492755756300,-0.167969,0.944580,-0.303467
1492755756307,-0.169434,0.943848,-0.294922
1492755756364,-0.150146,0.958740,-0.290039
1492755756396,-0.167969,0.947510,-0.284912
1492755756410,-0.146240,0.949219,-0.275879
1492755756442,-0.153809,0.944336,-0.274170
1492755756475,-0.155762,0.939941,-0.289062
1492755756507,-0.146729,0.952393,-0.269531
1492755756545,-0.159180,0.940674,-0.265381
1492755756576,-0.146729,0.952637,-0.275391
1492755756608,-0.149414,0.949219,-0.265869
1492755756642,-0.155273,0.944824,-0.256348
1492755756674,-0.155273,0.947510,-0.252930
1492755756728,-0.153076,0.955322,-0.257324
1492755756733,-0.157715,0.963867,-0.260498
1492755756787,-0.149170,0.966553,-0.250977
1492755756801,-0.152832,0.971680,-0.254639
1492755756834,-0.165039,0.984131,-0.248047
1492755756891,-0.147705,0.974121,-0.219238
1492755756897,-0.151855,0.964600,-0.202637
1492755756925,-0.149658,0.965576,-0.188965
1492755756957,-0.135742,0.983887,-0.182617
1492755756990,-0.144287,0.994141,-0.185547
1492755757048,-0.145020,0.991455,-0.179443
1492755757053,-0.138428,0.988525,-0.155518
1492755757110,-0.144775,0.984619,-0.143066
1492755757145,-0.138916,1.012207,-0.131348
1492755757175,-0.141846,0.984863,-0.083008
1492755757207,-0.137695,0.957764,-0.056396
1492755757224,-0.141846,0.986816,-0.037109
1492755757254,-0.139404,1.020020,-0.018311
1492755757286,-0.132568,1.003174,0.017822
1492755757344,-0.126953,0.976562,0.047363
1492755757376,-0.135986,1.015381,0.072266
1492755757408,-0.122803,1.030518,0.133301
1492755757413,-0.099854,0.944580,0.178467
1492755757467,-0.115234,1.091309,0.184570
1492755757500,-0.091797,1.075928,0.300049
1492755757507,-0.097168,0.759766,0.442139
1492755757564,-0.090576,0.811035,0.511475
1492755757570,-0.080566,0.983643,0.552490
1492755757628,-0.031494,0.727783,0.637451
1492755757670,-0.080078,0.651611,0.712646
1492755757673,-0.008057,0.710205,0.758789
1492755757703,0.017090,0.420898,0.842773
1492755757736,-0.047607,0.332520,0.905762
1492755757794,0.015137,0.491699,0.884277
1492755757826,0.088379,0.252686,0.938232
1492755757833,-0.026123,0.034912,1.006592
1492755757890,0.054199,0.274414,0.961670
1492755757922,0.104980,0.184814,0.978760
1492755757977,0.000244,-0.025879,1.008789
1492755757979,0.032715,0.119385,0.980713
1492755757986,0.126465,0.104736,0.981201
1492755758042,0.052734,-0.142578,1.032227
1492755758075,0.053955,-0.085449,1.009277
1492755758082,0.083252,0.001465,0.991699
1492755758138,0.031982,-0.069580,0.991943
1492755758171,0.033936,-0.029785,0.983643
1492755758204,0.066650,0.005371,0.992676
1492755758236,0.055908,-0.032959,1.015381
1492755758269,0.068604,-0.006592,1.005371
1492755758302,0.071289,-0.000977,1.012207
1492755758335,0.071289,-0.052002,1.020020
1492755758367,0.068359,-0.044678,1.010010
1492755758399,0.083984,-0.004150,1.008057
1492755758432,0.058594,-0.072510,0.998047
1492755758446,0.063232,-0.064453,0.993408
1492755758483,0.079102,-0.006592,0.989258
1492755758514,0.063721,-0.071289,0.999023
1492755758572,0.059082,-0.061279,0.997559
1492755758575,0.079346,-0.013428,0.995361
1492755758631,0.057617,-0.029541,0.997559
1492755758664,0.058594,-0.030029,0.999023
1492755758667,0.065918,-0.013428,0.998779
1492755758723,0.053711,-0.014404,0.997070
1492755758755,0.054688,-0.030518,0.997070
1492755758787,0.060059,-0.010498,1.000244
1492755758820,0.053955,-0.019287,1.000000
1492755758852,0.061523,-0.024658,1.005615
1492755758866,0.062988,-0.016602,1.000977
1492755758900,0.064941,0.000977,0.998291
