1492760695850,-0.246826,0.962402,0.144043
1492760695856,-0.269775,0.969238,0.135010
1492760695936,-0.251953,0.955811,0.135498
1492760696100,-0.261230,0.965332,0.137207
1492760696214,-0.262695,0.955078,0.137207
1492760696348,-0.278564,0.956299,0.147705
1492760696480,-0.269287,0.953369,0.140625
1492760696586,-0.276123,0.958252,0.134521
1492760696727,-0.262939,0.968262,0.129150
1492760696861,-0.260986,0.997314,0.109375
1492760696993,-0.214355,0.950684,0.131104
1492760697110,-0.218018,1.019043,0.081299
1492760697242,-0.336670,1.124756,-0.002197
1492760697381,-0.422607,0.947998,0.190918
1492760697494,-0.485107,0.649902,0.477295
1492760697627,-0.560303,0.276611,0.560547
1492760697760,-0.634521,0.180420,0.681396
1492760697896,-0.713867,0.091064,0.735840
1492760698027,-0.684814,0.007080,0.755371
1492760698165,-0.642090,-0.021729,0.770508
1492760698272,-0.671143,0.003418,0.744385
1492760698404,-0.685303,0.080811,0.749023
1492760698536,-0.689209,0.071045,0.738281
1492760698668,-0.694824,0.065918,0.759033
1492760698800,-0.691162,0.052002,0.724609
1492760698933,-0.694580,0.046387,0.724365
1492760699040,-0.700195,0.063721,0.734863
1492760699174,-0.696533,0.069092,0.730713
1492760699306,-0.715088,0.100098,0.728271
1492760699437,-0.673828,0.052002,0.745605
1492760699578,-0.616211,-0.299805,0.774658
1492760699684,-0.607178,-0.041992,0.780518
1492760699841,-0.573730,0.499512,0.592529
1492760699972,-0.479248,0.688721,0.352295
1492760700105,-0.170898,1.241943,0.224121
1492760700213,-0.278809,1.046143,0.304688
1492760700346,-0.201172,1.001709,0.161865
1492760700486,-0.229248,0.971924,0.188721
1492760700594,-0.212891,0.954346,0.202881
1492760700753,-0.221436,0.954590,0.187988
1492760700859,-0.212402,0.972412,0.188721
1492760700991,-0.185059,1.005371,0.144043
1492760701120,-0.284668,1.033936,0.163330
1492760701268,-0.357910,1.025635,0.145508
1492760701374,-0.439453,0.871582,0.228516
1492760701533,-0.576172,0.752441,0.351074
1492760701640,-0.656982,0.482422,0.422363
1492760701771,-0.750000,0.341309,0.492432
1492760701913,-0.822998,0.328369,0.524170
1492760702025,-0.782227,0.196777,0.628174
1492760702159,-0.788818,0.077393,0.626465
1492760702291,-0.735107,-0.039795,0.752930
1492760702426,-0.771484,0.037354,0.670898
1492760702533,-0.755127,0.048096,0.657959
1492760702671,-0.766357,0.053467,0.672852
1492760702804,-0.763672,0.055176,0.656494
1492760702938,-0.744873,0.063721,0.645020
1492760703076,-0.748047,-0.067871,0.711670
1492760703184,-0.823242,-0.007812,0.666992
1492760703315,-0.763184,0.159912,0.664795
1492760703455,-0.673828,0.759033,0.301270
1492760703587,-0.458496,0.690918,0.180664
1492760703711,-0.393311,0.781494,0.130859
1492760703847,-0.205078,1.478027,0.310547
1492760703953,-0.228027,0.832764,0.160156
1492760704085,-0.244873,0.963135,0.154785
1492760704223,-0.223877,0.965332,0.157471
1492760704351,-0.238037,0.968018,0.142578
1492760704484,-0.228027,0.974609,0.133301
1492760704617,-0.235352,0.976562,0.155518
1492760704748,-0.216797,0.974854,0.139893
1492760704881,-0.217285,0.972900,0.134521
1492760704994,-0.227295,0.976318,0.128174
1492760705128,-0.227051,0.981934,0.127686
1492760705261,-0.223877,0.983154,0.106201
1492760705392,-0.243164,0.985107,0.104736
1492760705524,-0.209229,1.108398,0.091309
1492760705632,-0.283203,1.139648,0.127197
1492760705765,-0.392334,0.812744,0.273193
1492760705915,-0.542725,0.458252,0.494873
1492760706046,-0.503906,0.303711,0.677979
1492760706180,-0.483154,0.003418,0.809082
1492760706290,-0.449219,-0.291260,0.828369
1492760706423,-0.458984,-0.378906,0.833008
1492760706556,-0.469238,-0.381592,0.826172
1492760706688,-0.427979,-0.311279,0.850830
1492760706820,-0.439697,-0.342041,0.828857
1492760706955,-0.457275,-0.312744,0.844238
1492760707062,-0.421631,-0.296387,0.869141
1492760707195,-0.423096,-0.326172,0.843994
1492760707327,-0.421631,-0.300049,0.854980
1492760707460,-0.372559,-0.292236,0.885498
1492760707596,-0.417725,-0.285889,0.866455
1492760707703,-0.448242,-0.176758,0.807861
1492760707847,-0.456055,0.399902,0.577148
1492760707955,-0.511719,0.787842,0.358887
1492760708112,-0.390137,1.017822,-0.026367
1492760708227,-0.312500,1.081543,-0.023926
1492760708358,-0.318848,1.065186,-0.038086
1492760708491,-0.261230,0.966309,0.016113
1492760708624,-0.239990,0.963623,-0.012451
1492760708743,-0.249756,0.984131,0.004883
1492760708876,-0.248291,0.968262,0.005615
1492760709015,-0.235596,1.002441,-0.020996
1492760709122,-0.262207,1.139893,-0.052002
1492760709280,-0.338867,1.059326,0.071777
1492760709387,-0.404785,0.881836,0.281738
1492760709520,-0.505859,0.571289,0.537598
1492760709652,-0.436035,0.149658,0.712646
1492760709791,-0.475342,-0.321777,0.762207
1492760709908,-0.508057,-0.412354,0.756348
1492760710081,-0.552002,-0.403564,0.743408
1492760710163,-0.439941,-0.400635,0.784180
1492760710296,-0.450684,-0.433594,0.825439
1492760710428,-0.438477,-0.365234,0.866211
1492760710562,-0.415283,-0.375000,0.827393
1492760710694,-0.424561,-0.348389,0.837402
1492760710827,-0.427979,-0.318848,0.857910
1492760710959,-0.434082,-0.336426,0.828369
1492760711065,-0.438721,-0.339111,0.852051
1492760711224,-0.394775,-0.369385,0.824463
1492760711332,-0.317139,-0.402588,0.913574
1492760711463,-0.474854,-0.091797,0.804932
1492760711595,-0.464844,0.359863,0.522461
1492760711728,-0.444092,1.249512,0.369873
1492760711841,-0.206055,1.114502,0.173584
1492760711973,-0.139404,1.204834,0.216797
1492760712106,-0.184326,0.981201,0.274902
1492760712249,-0.162598,0.969971,0.214111
1492760712357,-0.159668,0.958252,0.205322
1492760712493,-0.147949,0.965576,0.206055
1492760712641,-0.161621,0.973633,0.191650
1492760712757,-0.163574,0.965576,0.221191
1492760712890,-0.129639,0.988770,0.181152
1492760712997,-0.122559,1.013916,0.155518
1492760713141,-0.121582,1.182129,0.166748
1492760713275,-0.215088,0.988770,0.340820
1492760713405,-0.267822,0.799316,0.572754
1492760713540,-0.278564,0.506836,0.665283
1492760713654,-0.402344,0.212646,0.801270
1492760713787,-0.450928,-0.051514,0.889160
1492760713922,-0.481689,-0.229980,0.839355
1492760714053,-0.456543,-0.155762,0.871094
1492760714160,-0.391602,-0.137451,0.895264
1492760714320,-0.383057,-0.233398,0.925049
1492760714426,-0.339600,-0.141113,0.958740
1492760714558,-0.362061,-0.113770,0.939453
1492760714698,-0.375000,-0.099365,0.933838
1492760714831,-0.392334,-0.104004,0.905273
1492760714962,-0.419922,-0.037598,0.913086
1492760715076,-0.390381,-0.087646,0.941406
1492760715226,-0.348877,-0.256836,0.899414
1492760715333,-0.332764,-0.243408,0.907959
1492760715491,-0.393311,-0.313232,0.824463
1492760715607,-0.409180,0.301025,0.739990
1492760715740,-0.225098,0.860107,0.204834
1492760715872,-0.233887,1.203369,0.097412
1492760716005,-0.251709,1.293457,0.066162
1492760716114,-0.203125,0.966309,0.144531
1492760716241,-0.220703,0.952393,0.103271
1492760716380,-0.205078,0.979248,0.094482
1492760716506,-0.214844,0.989258,0.091797
1492760716638,-0.211182,0.979248,0.042480
1492760716753,-0.240723,1.126709,-0.027832
1492760716885,-0.363281,1.076660,-0.017334
1492760717017,-0.428711,0.928467,0.060791
1492760717156,-0.505127,0.658936,0.318848
1492760717289,-0.498779,0.542969,0.608154
1492760717397,-0.492188,0.227295,0.789062
1492760717536,-0.389893,0.008789,0.899658
1492760717669,-0.344238,-0.097168,0.986328
1492760717811,-0.355713,-0.274414,0.946777
1492760717919,-0.334717,-0.175781,0.919189
1492760718051,-0.318359,-0.137451,0.928711
1492760718183,-0.347656,-0.154297,0.938721
1492760718316,-0.319824,-0.135742,0.929688
1492760718449,-0.384277,-0.107910,0.984863
1492760718582,-0.350342,-0.199951,0.892090
1492760718696,-0.342285,-0.172363,0.842773
1492760718828,-0.431641,0.079102,0.785400
1492760718961,-0.466553,0.522705,0.484375
1492760719091,-0.413574,1.128662,0.178223
1492760719207,-0.345703,1.005127,0.051758
1492760719340,-0.343506,1.201660,0.023926
1492760719498,-0.292725,0.860840,0.079590
1492760719589,-0.261719,1.001465,0.038574
1492760719747,-0.302734,0.978271,0.004150
1492760719856,-0.254639,0.955322,-0.022461
1492760719987,-0.264893,1.051514,-0.027588
1492760720144,-0.330811,1.039062,-0.022217
1492760720252,-0.423584,1.029785,0.093262
1492760720371,-0.449951,0.747314,0.257324
1492760720529,-0.496582,0.554443,0.622070
1492760720638,-0.500732,0.207764,0.771729
1492760720770,-0.436035,-0.047119,0.859375
1492760720926,-0.328125,-0.296631,0.883057
1492760721035,-0.298584,-0.418457,0.874756
1492760721168,-0.282471,-0.420654,0.854980
1492760721300,-0.336670,-0.355225,0.879150
1492760721442,-0.343018,-0.320068,0.893066
1492760721553,-0.335205,-0.281982,0.905518
1492760721677,-0.331543,-0.268799,0.877686
1492760721809,-0.348145,-0.349121,0.875732
1492760721917,-0.305176,-0.355469,0.897705
1492760722075,-0.424805,-0.193604,0.835205
1492760722183,-0.452881,0.047363,0.880127
1492760722322,-0.364990,0.429932,0.667480
1492760722455,-0.371826,1.055664,0.297852
1492760722586,-0.279785,0.943359,0.188232
1492760722719,-0.230713,1.152344,0.284912
1492760722835,-0.256104,0.908447,0.184326
1492760722982,-0.247803,0.989014,0.175049
1492760723088,-0.256592,0.974854,0.176025
1492760723227,-0.241943,0.963135,0.180176
1492760723359,-0.228027,0.950195,0.188965
